101 Crawler Path: (0, 0) (1, 0) (2, 0) (3, 0) (4, 0) (5, 0) (6, 0) (7, 0) (8, 0) (9, 0) (9, 1) (9, 2) (9, 3) (9, 4) (9, 5) (9, 6) (9, 7) (9, 8) (9, 9) (9, 8) (9, 7) (9, 6) (9, 5) (9, 4) (9, 3) (9, 2) (9, 1) (9, 0) (8, 0) (7, 0) (6, 0) (5, 0) (4, 0) 
102 Hopper Path: (9, 0) (7, 0) (5, 0) (3, 0) (1, 0) (0, 0) (0, 2) (0, 4) (0, 6) (0, 8) (0, 9) (2, 9) (4, 9) (6, 9) (8, 9) (9, 9) (7, 9) (5, 9) (3, 9) (1, 9) (0, 9) (2, 9) (4, 9) (6, 9) (8, 9) (9, 9) (7, 9) (5, 9) (3, 9) (1, 9) (0, 9) (2, 9) (4, 9) 
103 Crawler Path: (9, 9) (9, 8) (9, 7) (9, 6) (9, 5) (9, 4) (9, 3) (9, 2) (9, 1) (9, 0) (9, 1) (9, 2) (9, 3) (9, 4) (9, 5) (9, 6) (9, 7) (9, 8) (9, 9) (8, 9) (7, 9) (6, 9) (5, 9) (4, 9) (3, 9) (2, 9) (1, 9) (0, 9) (1, 9) (2, 9) (3, 9) (4, 9) (5, 9) 
104 Crawler Path: (0, 9) (1, 9) (2, 9) (3, 9) (4, 9) (5, 9) (6, 9) (7, 9) (8, 9) (9, 9) (8, 9) (7, 9) (6, 9) (5, 9) (4, 9) (3, 9) (2, 9) (1, 9) (0, 9) (0, 8) (0, 7) (0, 6) (0, 5) (0, 4) (0, 3) (0, 2) (0, 1) (0, 0) (0, 1) (0, 2) (0, 3) (0, 4) (0, 5) 
105 Crawler Path: (2, 2) (2, 1) (2, 0) (2, 1) (2, 2) (2, 3) (2, 4) (2, 5) (2, 6) (2, 7) (2, 8) (2, 9) (3, 9) (4, 9) (5, 9) (6, 9) (7, 9) (8, 9) (9, 9) (9, 8) (9, 7) (9, 6) (9, 5) (9, 4) (9, 3) (9, 2) (9, 1) (9, 0) (9, 1) (9, 2) (9, 3) (9, 4) (9, 5) 
106 Crawler Path: (7, 2) (8, 2) (9, 2) (9, 3) (9, 4) (9, 5) (9, 6) (9, 7) (9, 8) (9, 9) (8, 9) (7, 9) (6, 9) (5, 9) (4, 9) (3, 9) (2, 9) (1, 9) (0, 9) (0, 8) (0, 7) (0, 6) (0, 5) (0, 4) (0, 3) (0, 2) (0, 1) (0, 0) (0, 1) (0, 2) (0, 3) (0, 4) (0, 5) 
107 Hopper Path: (2, 7) (2, 9) (2, 6) (2, 3) (2, 0) (5, 0) (8, 0) (9, 0) (9, 3) (9, 6) (9, 9) (9, 6) (9, 3) (9, 0) (6, 0) (3, 0) (0, 0) (3, 0) (6, 0) (9, 0) (9, 3) (9, 6) (9, 9) (9, 6) (9, 3) (9, 0) (6, 0) (3, 0) (0, 0) (0, 3) (0, 6) (0, 9) (3, 9) 
108 Hopper Path: (7, 7) (3, 7) (0, 7) (0, 9) (4, 9) (8, 9) (9, 9) (5, 9) (1, 9) (0, 9) (4, 9) (8, 9) (9, 9) (9, 5) (9, 1) (9, 0) (5, 0) (1, 0) (0, 0) (0, 4) (0, 8) (0, 9) (0, 5) (0, 1) (0, 0) (0, 4) (0, 8) (0, 9) (4, 9) (8, 9) (9, 9) (9, 5) (9, 1) 
109 Hopper Path: (4, 4) (2, 4) (0, 4) (0, 2) (0, 0) (2, 0) (4, 0) (6, 0) (8, 0) (9, 0) (7, 0) (5, 0) (3, 0) (1, 0) (0, 0) (0, 2) (0, 4) (0, 6) (0, 8) (0, 9) (2, 9) (4, 9) (6, 9) (8, 9) (9, 9) (9, 7) (9, 5) (9, 3) (9, 1) (9, 0) (9, 2) (9, 4) (9, 6) 
110 Crawler Path: (5, 5) (6, 5) (7, 5) (8, 5) (9, 5) (8, 5) (7, 5) (6, 5) (5, 5) (4, 5) (3, 5) (2, 5) (1, 5) (0, 5) (0, 4) (0, 3) (0, 2) (0, 1) (0, 0) (1, 0) (2, 0) (3, 0) (4, 0) (5, 0) (6, 0) (7, 0) (8, 0) (9, 0) (8, 0) (7, 0) (6, 0) (5, 0) (4, 0) 
111 Crawler Path: (4, 5) (4, 4) (4, 3) (4, 2) (4, 1) (4, 0) (3, 0) (2, 0) (1, 0) (0, 0) (0, 1) (0, 2) (0, 3) (0, 4) (0, 5) (0, 6) (0, 7) (0, 8) (0, 9) (1, 9) (2, 9) (3, 9) (4, 9) (5, 9) (6, 9) (7, 9) (8, 9) (9, 9) (8, 9) (7, 9) (6, 9) (5, 9) (4, 9) 
112 Hopper Path: (5, 4) (5, 6) (5, 8) (5, 9) (7, 9) (9, 9) (9, 7) (9, 5) (9, 3) (9, 1) (9, 0) (7, 0) (5, 0) (3, 0) (1, 0) (0, 0) (2, 0) (4, 0) (6, 0) (8, 0) (9, 0) (7, 0) (5, 0) (3, 0) (1, 0) (0, 0) (0, 2) (0, 4) (0, 6) (0, 8) (0, 9) (0, 7) (0, 5) 
